13307163037
18907143103
15807191330
13995610159
18971260346
13720214946
18971693016
13886053930
13667103581
18086663691
15527708812
13986135230
15377584499
13294148628
13294148628
15271903283
18942944626
15927107854
13971091739
15926481189
18971567448
13971697859
15927072327
13100640331
18971425576
13871409508
13628627605
13886080114
15327285982
13307120755
15927605851
15623574134
18171233763
13871275502
13035125471
15972199883
13545202842
18907123359
13995698794
15377556856
13469958770
13871431741
13871390303
13871306555
13986258016
13971154331
13886107767
13871283863
13098892663
13554019223
15527531641
13971698689
18971119632
13971609184
13986254122
18971444565
13995662845
13006155751
13707197281
13871075982
15391554678
18627774416
13971668622
13971207985
18627978337
13628693606
13100610268
15071303925
15927581973
13707132264
18086608717
13659805461
18007131260
13971690276
13545018778
13886025122
13545013018
13720209805
13397117876
13349876497
15827508225
13396076691
18908624913
13554425557
13971694387
15387084163
13871331175
13871562372
13886140247
13971520763
18827385741
13886037082
13006186723
13971697199
13971517517
13871135856
13971693653
13507122638
13627246772
13971517517
17720562793
13871222795
18086614306
13476198179
13396085720
15272109688
13317161222
